$ANSIBLE_VAULT;1.1;AES256
36616462393334393633323262376639353162336532356430626632323930643562393536323639
3439623862323462643162613961626262333130386462630a306539363834643432643063383332
61633031663936333137323636316237353037626663393135383630613763396231333639366462
6431373534346463340a343432646334323361623665623135653766396632666438653263366661
31653963373564313737336361303530666335383830616634343537313061646565646539626265
61373961666139373731613762313766633731643661373964333962663230643232326234343666
30346666313635363665396264343965333032343230623834393134336633353063613630353661
35636332386538633131633230653839386235623336303266666437333164353632616138653132
34656438666132336466383864386233396462393934373061323362653232306163353431393761
39333062643562333032356633383965303564376535373038323963356336383037306530666339
63343239303937666561323237363430346436613563646434316661386436623334303730666231
31613831323839393437636161643661376634306231313231616335306361616330646361396138
32363266303163643131393833626431643134613930653737383837373162326363316232663139
30393039666134333134643135663161396639636130336232366261346136393931343465646231
63346533336338616466376433393033343931303963346565383833373539313863636137343838
63616263613365316266373137353462366531363339623165356136333736323639376365373265
66656330346130333135646438396433306662636563663937313766333831353036313938343232
37303166363436393433373739363665346235323866393638643736646136626366353032363732
35346339643765616333623161393532636335366436353062303363353264343736623262353464
64386237303362353865393230346665393636313066353039316630326633616564353435643365
35366532376133356432646362363966616465363139303165316362383862643930313035333436
35373765353234323864303033303965316262346434646333663535383639313937346464356264
37343835663766343437386635646232343532366235393338383839386663633462663664313038
39303135623137356438313137306635373465626230353664303166316666376162376437656330
6166
